123
124
183
184
185
95
34
96
35
97
36
98
37
99
38
39
100
40
101
41
42
102
43
103
104
105
106
107
108
109
110
111
113
114
115
116
117
118
119
120
121
122
103
104
105
106
107
108
46
47
48
49
50
51
52
53
54
55
56
57
151
162
153
164
216
225
218
227
154
165
155
166
219
228
221
230
110
48
114
50
116
52
118
120
56
122
222
231
223
232
103
47
113
49
115
51
117
53
119
55
121
57
224
233
103
123
124
183
184
185
188
194
189
195
190
196
183
184
185
200
208
201
209
202
210
183
184
185
46
47
48
49
50
51
52
53
54
55
56
57
216
225
218
227
219
228
220
229
183
184
185
95
96
97
98
99
100
101
102
103
104
105
106
107
108
109
110
95
96
97
98
99
100
101
102
103
104
105
106
107
108
95
96
97
98
99
100
101
102
103
104
105
106
107
108
95
96
97
98
99
100
101
102
103
104
105
106
107
108
111
113
114
115
116
117
118
119
120
121
122
103
104
105
106
107
108
109
110
111
113
114
115
116
117
118
119
120
121
122
103
104
105
106
107
108
109
110
111
113
114
115
116
117
118
119
120
121
122
103
104
105
106
107
108
125
128
200
208
201
209
203
211
95
103
35
95
37
97
39
99
41
101
43
95
103
35
95
37
97
39
99
41
101
43
95
103
35
95
37
97
39
99
41
101
43
126
129
33
127
130
32
123
124
95
96
97
98
99
100
101
102
103
104
105
106
107
108
95
96
97
98
99
100
101
102
103
104
105
106
107
108
173
178
174
179
176
181
95
96
97
98
99
100
101
102
103
104
105
106
107
108
95
96
97
98
99
100
101
102
103
104
105
106
107
108
177
182
123
124
109
103
109
109
204
212
205
213
95
96
97
98
99
100
101
102
103
104
105
106
107
108
95
96
97
98
99
100
101
102
103
104
105
106
107
108
95
96
97
98
99
100
101
102
103
104
105
106
107
108
183
184
185
125
128
95
97
95
97
95
97
126
129
33
127
130
32
95
96
97
98
99
100
101
102
103
104
105
106
107
108
109
110
111
113
114
115
116
117
118
119
120
121
122
103
104
105
106
107
108
109
110
111
113
114
115
116
117
118
119
120
121
122
103
104
105
106
107
108
109
110
111
113
114
115
116
117
118
119
120
121
122
103
104
105
123
124
106
107
108
188
194
189
195
191
197
192
198
34
35
36
37
38
39
40
41
42
43
151
162
152
163
45
193
199
123
124
44
186
187
103
47
113
49
115
51
117
53
119
55
121
57
186
187
103
47
113
49
115
51
117
53
119
55
121
57
186
187
103
47
113
49
115
51
117
53
119
55
121
57
183
184
185
173
178
174
179
175
180
123
124
95
96
97
98
99
100
101
102
103
104
105
106
107
108
34
35
36
37
38
39
40
41
42
43
141
146
142
147
123
124
109
110
111
113
114
115
116
117
118
119
120
121
122
103
104
105
106
107
108
116
200
208
201
209
203
211
95
96
97
98
99
100
101
102
103
104
105
106
107
108
109
103
204
212
206
214
103
47
113
49
115
51
117
53
119
55
121
57
207
215
50
183
184
185
131
136
132
137
134
139
103
35
95
37
97
39
99
41
101
43
135
140
36
123
124
46
47
48
49
50
51
52
53
54
55
56
57
216
225
217
226
34
35
36
37
38
39
40
41
42
43
95
96
97
98
99
100
101
102
103
104
105
106
107
108
95
96
97
98
99
100
101
102
103
104
105
106
107
108
141
146
143
148
36
96
38
98
40
100
42
102
144
149
145
150
103
123
124
34
35
36
37
38
39
40
41
42
43
95
96
97
98
99
100
101
102
103
104
105
106
107
108
151
162
153
164
154
165
156
167
36
96
157
168
38
98
158
169
100
159
170
42
102
160
171
161
172
123
124
131
136
132
137
133
138
